00000000000000000000001010010010
00100010000000000000001010000110
00100000100000000000101010010010
01010000001011000000011110000100
00100000000000000000100010000010

00000000000000000000001010000010
00000000000000000000001010010010
00000000000000000000001010000000
00000000000000000000000010000010
00100000000000000000001010000010
00000000000000000000001010000100
00100000000000000000000010000010
00000000000000000000001010000000
00100000000000000000100010000010
00000000000000000000000010000000

4
person1 : 0 ,person2 : 2
